n = [2 4]
MF = [0.3778 0.6366];
cF = [0.0185 0.0285];
kF = [14.7467 24.3431];
LsFk = MF.*params.g./kF
cT =  cF./MF